3726555824269
3796772761545
3773398543038
3777492485449
3764532843252
3793802704705
3736323430239
3780883731886
3735337961351
3704508299646
3764738894063
3736591682437
3714598927476
3793724874588
3785246568676
3766501000850
3791942525432
3792609597087
3701305760312
3749319295755
3781765035664
4871097501234
5871097501234
37871097501234
6871097501234
4723337619242
5723337619242
37723337619242
6723337619242
4381062757298
5381062757298
37381062757298
6381062757298
4906580486302
5906580486302
37906580486302
6906580486302
4373821793393
5373821793393
37373821793393
6373821793393
4595994800068
5595994800068
37595994800068
6595994800068
4811349769765
5811349769765
37811349769765
6811349769765
4079480068251
5079480068251
37079480068251
6079480068251
4357364983269
5357364983269
37357364983269
6357364983269
4138951838514
5138951838514
37138951838514
6138951838514
4429828048066
5429828048066
37429828048066
6429828048066
4512851648164
5512851648164
37512851648164
6512851648164
4428089264527
5428089264527
37428089264527
6428089264527
4759215139194
5759215139194
37759215139194
6759215139194
4781790621191
5781790621191
37781790621191
6781790621191
4985505401632
5985505401632
37985505401632
6985505401632
4480372317252
5480372317252
37480372317252
6480372317252
4661851713958
5661851713958
37661851713958
6661851713958
4822009297372
5822009297372
37822009297372
6822009297372
4268359948985
5268359948985
37268359948985
6268359948985
4845706632680
5845706632680
37845706632680
6845706632680
44513696774381
54513696774381
374513696774381
64513696774381
49085304818218
59085304818218
379085304818218
69085304818218
43974603304867
53974603304867
373974603304867
63974603304867
49368126690316
59368126690316
379368126690316
69368126690316
47326193195348
57326193195348
377326193195348
67326193195348
46860595044448
56860595044448
376860595044448
66860595044448
42187053572530
52187053572530
372187053572530
62187053572530
49534053958983
59534053958983
379534053958983
69534053958983
43750815497350
53750815497350
373750815497350
63750815497350
45620019765910
55620019765910
375620019765910
65620019765910
45301651541904
55301651541904
375301651541904
65301651541904
43743226092982
53743226092982
373743226092982
63743226092982
41722539736208
51722539736208
371722539736208
61722539736208
40588149923665
50588149923665
370588149923665
60588149923665
49312687320548
59312687320548
379312687320548
69312687320548
46246434031198
56246434031198
376246434031198
66246434031198
44838886907350
54838886907350
374838886907350
64838886907350
44821472969717
54821472969717
374821472969717
64821472969717
41122898793871
51122898793871
371122898793871
61122898793871
40948946672247
50948946672247
370948946672247
60948946672247
45903811980321
55903811980321
375903811980321
65903811980321
401304131931281
501304131931281
3701304131931281
601304131931281
417374039190682
517374039190682
3717374039190682
617374039190682
423074764945057
523074764945057
3723074764945057
623074764945057
487038428832584
587038428832584
3787038428832584
687038428832584
477804810730352
577804810730352
3777804810730352
677804810730352
441080704601381
541080704601381
3741080704601381
641080704601381
447136245841863
547136245841863
3747136245841863
647136245841863
492104268650308
592104268650308
3792104268650308
692104268650308
411092823657724
511092823657724
3711092823657724
611092823657724
472867947865810
572867947865810
3772867947865810
672867947865810
496007084727925
596007084727925
3796007084727925
696007084727925
429629567255611
529629567255611
3729629567255611
629629567255611
485354373028052
585354373028052
3785354373028052
685354373028052
428841183311059
528841183311059
3728841183311059
628841183311059
469886251908227
569886251908227
3769886251908227
669886251908227
459288096701997
559288096701997
3759288096701997
659288096701997
417397757701580
517397757701580
3717397757701580
617397757701580
462063662115685
562063662115685
3762063662115685
662063662115685
432870825994170
532870825994170
3732870825994170
632870825994170
425144385059914
525144385059914
3725144385059914
625144385059914
424642739194383
524642739194383
3724642739194383
624642739194383
4053895018469421
5053895018469421
6053895018469421
4407073535375805
5407073535375805
6407073535375805
4152337701347106
5152337701347106
6152337701347106
4216773812335141
5216773812335141
6216773812335141
4545497057465444
5545497057465444
6545497057465444
4482649186654678
5482649186654678
6482649186654678
4317559522334037
5317559522334037
6317559522334037
4773879098750471
5773879098750471
6773879098750471
4141200918407161
5141200918407161
6141200918407161
4892384505023472
5892384505023472
6892384505023472
4753163157094172
5753163157094172
6753163157094172
4096196044886532
5096196044886532
6096196044886532
4865539845776971
5865539845776971
6865539845776971
4263457173646411
5263457173646411
6263457173646411
4845118620838719
5845118620838719
6845118620838719
4864275697444207
5864275697444207
6864275697444207
4929927722810976
5929927722810976
6929927722810976
4179802960615563
5179802960615563
6179802960615563
4245739408493235
5245739408493235
6245739408493235
4130707343681765
5130707343681765
6130707343681765
4872952644067518
5872952644067518
6872952644067518
