3718242112157
3742901531963
3724831957431
3799987606809
3730917442339
3769684258233
3726453560304
3733501096935
3759662807317
3712540133743
3721175097827
3744980423544
3762675361655
3700985113802
3744258292603
3701787899154
3718724575724
3739836996379
3710145232773
3797268859849
3774335766874
4820114590577
5820114590577
37820114590577
6820114590577
4441807320856
5441807320856
37441807320856
6441807320856
4898024813504
5898024813504
37898024813504
6898024813504
4035075720191
5035075720191
37035075720191
6035075720191
4970911566530
5970911566530
37970911566530
6970911566530
4546433422401
5546433422401
37546433422401
6546433422401
4404520230687
5404520230687
37404520230687
6404520230687
4753960881669
5753960881669
37753960881669
6753960881669
4934127718251
5934127718251
37934127718251
6934127718251
4126827427462
5126827427462
37126827427462
6126827427462
4149162835202
5149162835202
37149162835202
6149162835202
4616295633564
5616295633564
37616295633564
6616295633564
4653619546534
5653619546534
37653619546534
6653619546534
4903378258232
5903378258232
37903378258232
6903378258232
4654233846726
5654233846726
37654233846726
6654233846726
4985556274138
5985556274138
37985556274138
6985556274138
4260172912835
5260172912835
37260172912835
6260172912835
4570391839729
5570391839729
37570391839729
6570391839729
4077186550932
5077186550932
37077186550932
6077186550932
4942136977939
5942136977939
37942136977939
6942136977939
4242019509087
5242019509087
37242019509087
6242019509087
46719790048074
56719790048074
376719790048074
66719790048074
44016425248479
54016425248479
374016425248479
64016425248479
44647878478621
54647878478621
374647878478621
64647878478621
43516759103023
53516759103023
373516759103023
63516759103023
43199785976052
53199785976052
373199785976052
63199785976052
47157459043082
57157459043082
377157459043082
67157459043082
44180987204881
54180987204881
374180987204881
64180987204881
48844980113193
58844980113193
378844980113193
68844980113193
49536918179474
59536918179474
379536918179474
69536918179474
46849342348404
56849342348404
376849342348404
66849342348404
48527197835581
58527197835581
378527197835581
68527197835581
43166328376131
53166328376131
373166328376131
63166328376131
46655360831481
56655360831481
376655360831481
66655360831481
45544304739086
55544304739086
375544304739086
65544304739086
42442046823650
52442046823650
372442046823650
62442046823650
43802429227855
53802429227855
373802429227855
63802429227855
47864997657716
57864997657716
377864997657716
67864997657716
41365011027737
51365011027737
371365011027737
61365011027737
43289386093341
53289386093341
373289386093341
63289386093341
46955572624053
56955572624053
376955572624053
66955572624053
48554690773484
58554690773484
378554690773484
68554690773484
415378983039040
515378983039040
3715378983039040
615378983039040
423427075598396
523427075598396
3723427075598396
623427075598396
440965405119222
540965405119222
3740965405119222
640965405119222
403272578820537
503272578820537
3703272578820537
603272578820537
443829874341323
543829874341323
3743829874341323
643829874341323
412405767358215
512405767358215
3712405767358215
612405767358215
461125303461720
561125303461720
3761125303461720
661125303461720
411868455899849
511868455899849
3711868455899849
611868455899849
464303929199024
564303929199024
3764303929199024
664303929199024
407060451720570
507060451720570
3707060451720570
607060451720570
408260592164145
508260592164145
3708260592164145
608260592164145
468271611406200
568271611406200
3768271611406200
668271611406200
412387476338393
512387476338393
3712387476338393
612387476338393
407080106326934
507080106326934
3707080106326934
607080106326934
455466155516062
555466155516062
3755466155516062
655466155516062
429271350446814
529271350446814
3729271350446814
629271350446814
491999276062435
591999276062435
3791999276062435
691999276062435
485033249186867
585033249186867
3785033249186867
685033249186867
445261470354098
545261470354098
3745261470354098
645261470354098
490904163410376
590904163410376
3790904163410376
690904163410376
493254032355766
593254032355766
3793254032355766
693254032355766
4080272107674657
5080272107674657
6080272107674657
4907676924897141
5907676924897141
6907676924897141
4222995639478232
5222995639478232
6222995639478232
4713021542546209
5713021542546209
6713021542546209
4898350583539097
5898350583539097
6898350583539097
4131992900968379
5131992900968379
6131992900968379
4593473851069422
5593473851069422
6593473851069422
4743318835738850
5743318835738850
6743318835738850
4710681847263201
5710681847263201
6710681847263201
4763548436099981
5763548436099981
6763548436099981
4515814189337252
5515814189337252
6515814189337252
4706468429474039
5706468429474039
6706468429474039
4397777721535850
5397777721535850
6397777721535850
4361946403735599
5361946403735599
6361946403735599
4191440770787011
5191440770787011
6191440770787011
4534191597233330
5534191597233330
6534191597233330
4335454848054556
5335454848054556
6335454848054556
4524934240773445
5524934240773445
6524934240773445
4394640119495833
5394640119495833
6394640119495833
4907681806262490
5907681806262490
6907681806262490
4634685301489970
5634685301489970
6634685301489970
